recruiter,recruit,degree,blk,testatus
416,1,6,0,s
285,3,8,1,s
100,10,10,1,s
829,13,9,1,s
361,35,5,0,s
457,44,6,0,s
127,58,8,0,s
863,60,15,0,s
258,62,7,0,s
171,68,6,1,s
285,71,6,1,s
485,73,5,0,s
282,78,10,1,s
701,82,5,1,s
485,93,11,1,s
62,95,8,0,s
894,100,9,0,s
222,104,10,1,s
383,106,5,1,s
195,126,11,0,s
,127,4,0,s
329,142,8,1,s
309,150,8,1,s
779,153,9,1,s
621,161,5,1,s
486,163,10,1,s
497,168,9,1,s
856,171,5,0,s
621,177,11,1,s
701,195,5,0,s
361,213,8,0,s
555,221,5,1,s
503,222,10,1,s
400,226,8,0,s
437,243,8,0,s
336,258,4,0,s
864,259,7,1,s
710,260,5,0,s
428,271,7,1,s
153,282,7,1,s
,283,7,0,s
437,285,4,0,s
795,287,5,0,s
952,302,9,1,s
604,309,10,0,s
950,319,6,0,s
456,329,6,1,s
933,333,7,1,s
456,336,5,0,s
497,339,4,1,s
771,340,9,1,s
647,347,6,0,s
126,349,9,0,s
856,353,8,0,s
766,361,6,0,s
742,364,8,0,s
347,378,2,1,s
882,379,4,1,s
456,383,10,1,s
339,400,6,1,s
546,401,4,1,s
457,416,7,1,s
,421,3,1,s
950,428,11,0,s
779,437,11,1,s
283,438,8,1,s
428,443,9,1,s
35,456,8,1,s
282,457,4,0,s
177,472,7,0,s
952,485,5,0,s
93,486,6,1,s
226,491,10,1,s
213,497,8,1,s
282,503,12,1,s
,504,4,0,i
522,518,6,0,s
952,520,2,0,s
379,522,8,0,s
603,534,7,1,s
600,540,8,1,s
100,542,6,1,s
35,546,3,0,s
604,547,9,1,s
379,554,6,0,s
243,555,7,0,s
894,560,7,1,s
438,562,4,1,s
603,563,6,0,s
600,564,7,0,s
560,592,8,1,s
3,598,4,0,s
742,600,8,1,s
383,601,7,1,s
829,603,8,1,s
829,604,6,1,s
563,608,5,1,s
520,621,8,0,s
540,626,8,1,s
769,638,8,0,s
,647,7,0,s
127,655,5,0,s
562,681,4,0,s
258,683,13,1,s
853,701,7,0,s
564,702,7,0,s
100,706,8,1,s
562,709,6,0,s
603,710,6,0,s
710,712,4,1,s
400,717,7,1,s
93,733,9,1,s
336,742,6,0,s
171,762,5,0,s
283,766,7,1,s
195,769,9,1,s
142,771,8,1,s
378,779,5,0,s
243,791,2,1,s
106,795,5,0,s
863,801,10,1,s
95,802,4,0,s
598,807,8,1,s
226,818,1,0,s
13,820,4,1,s
902,821,4,0,s
347,826,6,0,s
638,829,8,1,s
,853,4,1,i
177,856,6,1,s
820,863,5,1,s
333,864,3,0,s
621,882,7,1,s
416,888,3,1,s
58,893,8,1,s
401,894,8,1,s
555,902,4,0,s
364,905,8,0,s
195,912,4,1,s
,928,4,0,i
655,933,14,0,s
333,935,5,1,s
894,945,4,1,s
882,950,10,1,s
333,952,5,1,s
,959,5,1,s
340,979,7,1,s
3,998,1,1,0
