recruiter,recruit,degree,blk,testatus
,1,7,0,i
796,6,6,0,s
690,16,5,0,s
248,21,4,1,s
582,30,5,0,s
722,38,5,1,s
847,49,8,0,i
836,50,2,1,s
168,55,7,0,s
727,56,7,1,s
770,59,5,1,i
827,62,3,0,i
1,63,4,0,i
949,66,3,1,s
586,72,5,1,i
326,77,7,1,i
690,78,5,0,s
693,95,8,0,s
137,104,4,1,s
940,113,2,1,i
970,126,6,0,s
272,131,4,0,i
131,132,7,0,s
554,133,8,0,s
779,137,3,1,s
322,147,7,0,i
645,149,8,1,i
249,164,12,0,s
62,168,5,0,i
567,178,9,1,i
653,181,6,0,s
940,184,3,1,s
949,197,4,0,i
611,209,7,0,s
290,213,5,0,s
239,214,3,1,s
947,223,8,0,i
893,224,7,1,i
325,226,3,0,s
518,230,6,1,s
391,239,9,1,s
702,240,7,0,s
643,248,4,1,s
77,249,6,1,i
847,251,5,0,i
679,252,4,0,s
181,259,4,0,i
786,261,4,0,s
72,270,3,1,s
,272,4,0,s
656,276,4,0,s
555,290,3,0,s
847,291,10,0,i
836,300,3,1,s
887,302,3,1,s
868,304,7,0,i
509,313,3,1,s
809,319,9,0,s
672,320,3,0,s
950,322,4,0,i
462,323,1,0,i
77,325,3,0,s
999,326,3,1,s
518,331,4,0,i
147,334,7,0,i
351,337,4,0,s
970,351,5,0,s
300,354,7,1,i
587,362,8,1,s
270,372,8,1,s
249,375,4,0,i
865,391,7,0,s
337,394,3,0,s
78,396,7,0,i
320,398,7,1,s
779,402,3,0,s
595,433,3,1,s
548,434,5,1,s
300,436,8,1,s
618,442,5,1,s
319,446,4,0,s
147,459,5,0,s
391,460,5,1,s
575,462,6,0,s
593,479,5,1,s
249,486,7,1,s
66,491,2,0,s
209,493,7,0,i
565,500,7,0,i
239,503,1,1,s
595,509,4,1,s
770,510,6,0,i
887,518,8,0,i
402,519,7,0,s
113,520,2,1,i
62,522,9,0,s
865,530,9,0,i
224,535,5,1,s
803,538,9,0,s
787,542,8,0,s
375,544,4,1,i
753,548,7,0,s
595,554,3,1,s
,555,4,0,s
538,565,3,0,s
538,567,7,0,s
945,570,7,1,s
72,573,5,0,s
732,574,4,1,i
55,575,2,0,s
720,579,5,0,i
949,582,4,0,s
548,585,5,0,i
947,586,4,0,s
723,587,8,0,s
181,593,6,1,s
912,595,6,1,s
164,600,2,0,s
749,603,6,1,s
966,607,4,1,s
446,610,3,1,s
,611,3,0,i
334,612,4,1,s
542,616,7,0,i
579,618,3,1,s
865,643,3,0,s
252,645,5,1,s
732,647,5,1,s
77,653,3,0,s
519,654,10,0,s
391,656,4,0,s
493,667,5,0,i
290,672,5,0,s
565,674,6,1,s
567,675,7,1,i
147,677,6,0,i
63,679,5,0,i
95,690,7,0,s
742,692,5,1,i
654,693,5,0,s
56,700,3,0,s
967,702,6,0,i
38,715,3,0,i
522,720,4,0,i
972,722,8,1,i
827,723,5,0,s
940,727,3,1,s
814,730,1,1,s
535,732,6,1,s
137,742,4,1,i
585,749,2,0,i
149,753,4,0,i
402,757,4,0,s
509,760,5,1,s
611,770,8,1,s
555,774,11,0,i
855,779,3,1,s
72,780,5,1,s
587,786,4,0,s
223,787,6,0,s
611,796,9,0,i
6,798,1,0,s
722,803,3,0,s
770,809,5,1,s
967,814,3,0,s
727,827,8,0,s
522,836,6,0,s
272,847,7,0,s
774,850,6,0,i
209,855,5,1,s
647,865,7,0,s
607,867,6,0,s
535,868,4,1,s
647,872,5,0,i
579,882,4,1,s
920,887,6,1,s
967,893,4,1,i
49,912,7,0,s
78,920,3,1,s
836,925,3,0,s
214,934,5,1,s
774,940,4,1,i
375,944,4,0,i
313,945,2,1,s
78,947,4,0,s
510,948,2,1,i
693,949,5,0,s
530,950,5,0,s
787,963,7,1,s
38,966,3,1,s
320,967,7,0,i
319,970,8,0,s
95,972,6,0,s
459,974,5,1,s
677,983,5,0,s
95,987,3,0,s
618,999,6,1,s
