recruiter,recruit,degree,blk,testatus
2218,6,7,0,s
2950,11,2,0,s
1306,21,5,0,s
186,38,1,0,s
2545,48,7,1,s
21,70,12,0,s
2536,71,8,0,s
714,115,3,0,s
1886,123,8,1,s
1123,124,4,0,s
115,136,5,0,s
724,154,7,1,s
910,179,3,0,s
123,185,3,0,s
531,186,3,0,s
1304,203,8,0,s
260,208,9,0,s
1461,224,7,1,s
,260,5,0,s
,273,4,0,s
2606,314,7,0,s
1322,320,3,0,s
431,359,8,1,s
203,360,5,0,s
1672,385,3,1,s
595,404,7,1,s
2658,405,3,1,s
2775,421,4,1,s
404,431,4,1,s
1278,504,6,1,s
674,508,5,0,s
1309,512,6,1,s
2243,531,5,1,s
320,536,3,1,s
868,555,6,0,s
593,565,8,0,s
508,568,6,0,s
115,575,2,0,s
1920,584,4,1,s
185,593,10,0,s
224,595,5,1,s
1672,616,8,1,s
841,648,7,0,s
2606,674,8,1,s
2320,677,5,1,s
224,683,5,1,s
314,714,5,0,s
1365,720,7,0,s
179,724,6,1,s
1460,754,4,1,s
48,769,2,1,s
2887,830,6,0,s
2377,841,5,0,s
1370,868,6,0,s
2040,870,6,0,s
1232,881,6,0,s
584,910,4,1,s
508,946,7,0,s
179,951,6,0,i
1461,972,5,1,s
1489,993,5,1,s
2307,1004,4,1,s
1651,1021,5,0,s
870,1033,2,1,s
531,1064,4,1,s
2307,1121,4,1,s
360,1123,3,0,s
1370,1133,2,1,s
273,1213,2,1,s
2693,1232,5,0,s
946,1276,2,0,s
2545,1278,8,1,s
2789,1283,6,1,s
512,1295,4,1,s
1672,1304,5,0,s
575,1306,7,1,s
359,1309,7,1,s
841,1322,5,0,s
677,1331,6,1,s
1064,1365,4,1,s
404,1367,4,1,s
1121,1370,4,1,s
,1386,2,0,s
2218,1403,6,0,s
273,1424,9,0,s
71,1426,2,0,s
1651,1460,7,1,s
2995,1461,4,1,s
2660,1489,4,1,i
1607,1573,7,0,i
2660,1584,11,1,i
1033,1591,11,1,s
946,1607,4,0,s
2040,1651,4,0,s
595,1672,5,1,s
124,1692,10,1,s
48,1742,6,0,s
1386,1766,5,1,s
830,1809,8,1,s
385,1825,7,0,s
2148,1868,6,0,s
830,1885,7,0,s
1370,1886,3,1,s
208,1920,7,0,s
186,1922,6,0,i
841,2040,6,0,s
2868,2140,6,1,s
1213,2141,3,1,s
1004,2148,5,1,s
2927,2195,2,1,s
123,2218,3,1,s
273,2243,6,0,s
405,2257,8,1,s
6,2265,7,0,s
48,2266,4,1,s
1004,2269,3,1,s
320,2279,5,0,s
512,2294,5,1,s
1367,2307,8,1,s
1809,2320,7,1,s
6,2374,3,0,s
2496,2377,7,0,s
208,2412,3,0,s
1386,2495,3,0,s
1403,2496,7,0,s
2320,2517,1,0,s
568,2536,9,0,i
2496,2540,3,0,s
568,2545,7,1,s
2919,2546,5,0,s
2496,2564,3,1,s
1295,2606,7,0,s
405,2650,5,1,s
2915,2658,4,1,s
972,2660,7,1,s
720,2693,5,0,s
2040,2736,6,0,s
,2762,11,0,s
,2775,3,1,s
1309,2789,7,1,s
2279,2821,5,0,s
1123,2828,8,0,s
1276,2868,8,1,s
1403,2887,7,0,s
2377,2915,6,0,s
1809,2919,6,1,s
1322,2927,10,0,s
124,2950,7,1,s
1403,2963,9,0,s
1064,2995,7,1,s
